1      15411097
2      15411095
3      15411095
4      15411098
5      15411097
6      15411099
7      15411102
8      15411099
9      15411102
10      15411100
11      15411100
12      15411100
13      15411100
14      15411099
15      15411095
16      15411102
17      15411101
18      15411100
19      15411107
20      15411105
21      15411105
22      15411107
23      15411105
24      15411106
25      15411105
26      15411113
27      15411114
28      15411114
29      15411115
30      15411119
31      15411123
32      15411126
33      15411126
34      15411127
35      15411129
36      15411129
37      15411129
