Value(ms)   Percentile  TotalCount  1/(1-Percentile)
46.972651   0.000000    0           1.000000
57.481336   0.100000    482         1.111111
61.600013   0.200000    963         1.250000
65.791847   0.300000    1445        1.428571
70.731994   0.400000    1926        1.666667
77.272062   0.500000    2408        2.000000
80.437236   0.550000    2649        2.222222
84.000439   0.600000    2890        2.500000
88.464321   0.650000    3130        2.857143
93.326377   0.700000    3371        3.333333
99.106108   0.750000    3612        4.000000
102.619325  0.775000    3732        4.444444
106.025061  0.800000    3853        5.000000
110.131808  0.825000    3973        5.714286
115.440731  0.850000    4094        6.666667
121.096487  0.875000    4214        8.000000
124.590437  0.887500    4274        8.888889
129.290389  0.900000    4334        10.000000
133.457063  0.912500    4395        11.428571
139.112512  0.925000    4455        13.333333
146.538445  0.937500    4515        16.000000
150.700930  0.943750    4545        17.777778
155.330091  0.950000    4575        20.000000
161.939437  0.956250    4605        22.857143
168.296651  0.962500    4635        26.666667
175.306630  0.968750    4666        32.000000
179.646093  0.971875    4681        35.555556
184.293286  0.975000    4696        40.000000
189.291343  0.978125    4711        45.714286
195.099393  0.981250    4726        53.333333
201.250267  0.984375    4741        64.000000
204.407495  0.985938    4748        71.113640
207.723952  0.987500    4756        80.000000
211.215313  0.989062    4763        91.424392
216.134421  0.990625    4771        106.666667
221.204185  0.992188    4778        128.008193
223.859100  0.992969    4782        142.227279
226.514015  0.993750    4786        160.000000
229.085478  0.994531    4790        182.848784
231.644374  0.995313    4793        213.356091
234.586424  0.996094    4797        256.016385
236.916465  0.996484    4799        284.414107
239.252482  0.996875    4801        320.000000
241.588498  0.997266    4803        365.764448
244.150660  0.997656    4805        426.621160
248.555314  0.998047    4807        512.032770
250.752009  0.998242    4808        568.828214
252.948704  0.998437    4808        639.795266
255.156663  0.998633    4809        731.528895
257.863295  0.998828    4810        853.242321
261.406523  0.999023    4811        1023.541453
263.187222  0.999121    4812        1137.656428
264.967921  0.999219    4812        1280.409731
266.730449  0.999316    4813        1461.988304
268.511148  0.999414    4813        1706.484642
270.648136  0.999512    4814        2049.180328
272.099787  0.999561    4814        2277.904328
273.521812  0.999609    4814        2557.544757
274.973463  0.999658    4814        2923.976608
276.425114  0.999707    4815        3412.969283
277.876765  0.999756    4815        4098.360656
278.587778  0.999780    4815        4545.454545
279.328416  0.999805    4815        5128.205128
280.039428  0.999829    4815        5847.953216
280.780066  0.999854    4815        6849.315068
281.491079  0.999878    4815        8196.721311
281.846585  0.999890    4815        9090.909091
282.029654  0.999902    4816        10204.081633
282.029654  0.999915    4816        11764.705882
282.029654  0.999927    4816        13698.630137
282.029654  0.999939    4816        16393.442623
282.029654  0.999945    4816        18181.818182
282.029654  0.999951    4816        20408.163265
282.029654  0.999957    4816        23255.813953
282.029654  0.999963    4816        27027.027027
282.029654  0.999969    4816        32258.064516
282.029654  0.999973    4816        37037.037037
282.029654  0.999976    4816        41666.666667
282.029654  0.999979    4816        47619.047619
282.029654  0.999982    4816        55555.555556
282.029654  0.999985    4816        66666.666667
282.029654  0.999986    4816        71428.571429
282.029654  0.999988    4816        83333.333333
282.029654  0.999989    4816        90909.090909
282.029654  0.999991    4816        111111.111111
282.029654  0.999992    4816        125000.000000
282.029654  0.999993    4816        142857.142858
282.029654  0.999994    4816        166666.666668
282.029654  0.999995    4816        199999.999999
282.029654  0.999996    4816        250000.000000
282.029654  0.999997    4816        333333.333336
282.029654  0.999998    4816        500000.000013
282.029654  0.999999    4816        999999.999971
282.029654  1.000000    4816        10000000.000000
