Value(ms)   Percentile  TotalCount  1/(1-Percentile)
47.597663   0.000000    0           1.000000
55.741001   0.100000    482         1.111111
59.469797   0.200000    963         1.250000
63.842774   0.300000    1445        1.428571
68.702315   0.400000    1926        1.666667
74.251253   0.500000    2408        2.000000
77.562614   0.550000    2649        2.222222
80.977547   0.600000    2890        2.500000
85.011901   0.650000    3130        2.857143
89.483613   0.700000    3371        3.333333
94.648748   0.750000    3612        4.000000
98.157476   0.775000    3732        4.444444
102.309177  0.800000    3853        5.000000
105.814795  0.825000    3973        5.714286
110.906541  0.850000    4094        6.666667
117.397915  0.875000    4214        8.000000
121.339554  0.887500    4274        8.888889
125.628204  0.900000    4334        10.000000
130.593940  0.912500    4395        11.428571
136.517722  0.925000    4455        13.333333
145.262265  0.937500    4515        16.000000
149.859315  0.943750    4545        17.777778
157.196438  0.950000    4575        20.000000
164.180968  0.956250    4605        22.857143
173.402652  0.962500    4635        26.666667
183.058795  0.968750    4666        32.000000
190.139176  0.971875    4681        35.555556
196.722315  0.975000    4696        40.000000
203.119972  0.978125    4711        45.714286
211.969796  0.981250    4726        53.333333
220.085097  0.984375    4741        64.000000
224.451384  0.985938    4748        71.113640
229.716368  0.987500    4756        80.000000
234.821993  0.989062    4763        91.424392
239.573869  0.990625    4771        106.666667
244.119822  0.992188    4778        128.008193
246.350204  0.992969    4782        142.227279
249.470013  0.993750    4786        160.000000
253.094311  0.994531    4790        182.848784
256.723250  0.995313    4793        213.356091
259.911253  0.996094    4797        256.016385
261.498925  0.996484    4799        284.414107
263.090669  0.996875    4801        320.000000
264.562367  0.997266    4803        365.764448
265.980898  0.997656    4805        426.621160
267.403066  0.998047    4807        512.032770
268.199165  0.998242    4808        568.828214
271.344712  0.998437    4808        639.795266
274.506390  0.998633    4809        731.528895
277.651936  0.998828    4810        853.242321
280.797483  0.999023    4811        1023.541453
282.705137  0.999121    4812        1137.656428
284.864249  0.999219    4812        1280.409731
287.001328  0.999316    4813        1461.988304
289.160440  0.999414    4813        1706.484642
291.319551  0.999512    4814        2049.180328
292.399107  0.999561    4814        2277.904328
293.875909  0.999609    4814        2557.544757
295.801536  0.999658    4814        2923.976608
297.727163  0.999707    4815        3412.969283
299.652790  0.999756    4815        4098.360656
300.595954  0.999780    4815        4545.454545
301.578417  0.999805    4815        5128.205128
302.521581  0.999829    4815        5847.953216
303.504044  0.999854    4815        6849.315068
304.447208  0.999878    4815        8196.721311
304.918790  0.999890    4815        9090.909091
305.161632  0.999902    4816        10204.081633
305.161632  0.999915    4816        11764.705882
305.161632  0.999927    4816        13698.630137
305.161632  0.999939    4816        16393.442623
305.161632  0.999945    4816        18181.818182
305.161632  0.999951    4816        20408.163265
305.161632  0.999957    4816        23255.813953
305.161632  0.999963    4816        27027.027027
305.161632  0.999969    4816        32258.064516
305.161632  0.999973    4816        37037.037037
305.161632  0.999976    4816        41666.666667
305.161632  0.999979    4816        47619.047619
305.161632  0.999982    4816        55555.555556
305.161632  0.999985    4816        66666.666667
305.161632  0.999986    4816        71428.571429
305.161632  0.999988    4816        83333.333333
305.161632  0.999989    4816        90909.090909
305.161632  0.999991    4816        111111.111111
305.161632  0.999992    4816        125000.000000
305.161632  0.999993    4816        142857.142858
305.161632  0.999994    4816        166666.666668
305.161632  0.999995    4816        199999.999999
305.161632  0.999996    4816        250000.000000
305.161632  0.999997    4816        333333.333336
305.161632  0.999998    4816        500000.000013
305.161632  0.999999    4816        999999.999971
305.161632  1.000000    4816        10000000.000000
